        -2.554585507193733
         -2.820951783024727
          -3.303765171329611
          -3.1610108199721867
          -2.3496073526159815
          0.6484105667845544
          2.8998330841568416
          2.1793215660911542
          2.6619645192616583
          -0.7707112977101598
          0.4684519388656514
          0.15321357549751793
          1.6168593484142775
          0.5990863540017501
          1.8542170424065645
          4.115407644045685
          0.7020520991421032
          0.1647023102121145
          1.9314578831801144
          -0.22316573346143373
          -0.6500767857314385
          2.6208699581277064
          2.0778978093642366
          1.53305560255289
        -3.908916425271355
         -2.987873957905831
          -0.7044017824705086
          2.7036895427907885
          11.919378579255488
          7.860456247253775
          4.366346331726304
          -2.5311987619419276
          2.0661233804536248
          -2.5686227840105302
          10.409887902493182
          -1.468349414009835
          3.435682403493282
          8.755147644908135
          9.305008090159562
          7.480454212836237
          7.763987945473731
          7.957590385935818
          5.929180924460281
          4.719860413810678
          4.014725470214458
          5.717215081680368
          5.309099937489116
          7.217642293086958
        -1.1782497494231887
         -0.4972027317585379
          -0.47434464902093815
          -0.07026096489216398
          1.2402179034761702
          1.1174864496631256
          -0.20390138540546765
          1.3839862044968068
          1.0401808992839647
          -2.1394095523119447
          0.8876662717988463
          1.1917134100556996
          0.5199385251975291
          0.5248278108756824
          -0.8241221640491008
          0.5062580828184724
          0.0636530438557554
          1.792875467289428
          -0.41445969722991594
          -0.3964417165171117
          -0.674141523527844
          0.4508624561463386
          -1.0385672955580305
          1.0490390169538428
        -4.987255510433919
         0.47782235358374786
          0.8304727445705591
          0.11009387488731698
          -1.5835417383183088
          1.5714781120678047
          -0.5011343499627184
          -1.4389140662386284
          -0.21131887973523453
          0.14253580324294018
          -0.4018597410109318
          0.32221595394590197
          -0.024730590869855105
          0.6663072417052411
          -1.945608836981238
          -0.010703205465629879
          0.4306842041836991
          -2.6320481557780693
          1.3241365675105938
          1.5423232192957002
          -4.853670238307647
          1.7473274930629223
          2.886213766280858
          -0.34798330559652024
        -6.487612953901711
         3.0114177226818764
          2.46490586690476
          0.3366198822097151
          2.479828319665574
          1.0443599268357902
          -3.330706006532553
          -2.4791886336582127
          -3.011671633316031
          -0.4129015871895792
          2.943068829111111
          0.2457719637988061
          1.1787261165202405
          4.6623523292919815
          -0.08429440031416521
          0.8002317886041778
          1.370851644379781
          9.182635600768918
          -3.4092572145846645
          -4.474542868853799
          10.991218252774235
          -4.056386094461199
          -1.6053359783284529
          -3.0865893430908233
        -6.400090431332516
         2.750238891784885
          -0.20789293179356771
          -2.202172921171025
          -6.603881198643463
          -1.5388705051677065
          -2.1671227594417677
          -3.7680508865869906
          -2.2684967534772253
          -2.174704027939368
          8.359228351256569
          4.652683389243279
          4.458489500047755
          -12.308859467202831
          -1.6859118340041799
          -0.6668048077375133
          -2.0610204776199788
          4.162434179303609
          2.577283436143039
          4.3780705117224725
          9.740668019124875
          5.398452713722852
          3.6675743212008545
          -1.3645199039765048
        6.876681906412457
         4.493758395490865
          -5.779051038088958
          -5.626832563906309
          4.146621110589862
          -9.73700466684236
          5.784341031652284
          2.975088811615649
          3.6170701699838377
          2.314832849615115
          2.651636554126111
          1.203128212815827
          -1.2548568327185332
          -2.8271302640131095
          9.811619580029133
          -0.26903333312500216
          -2.6804485256729147
          -12.176452831285728
          -5.950743555929728
          -5.536085806125994
          -11.423362127775377
          -5.664268668285522
          -8.1893076146733
          35.88049917678533
        0.9519373941290488
         -0.0973579884196591
         -1.658809343595798
         -0.9839804872716371
         -2.5875206083046924
         -1.6748309989139043
         2.8321431664783456
         -1.6571801141314015    

