3.477023000000000419e+00
3.500576000000000132e+00
3.789205999999999630e+00
4.611977999999999689e+00
1.305637299999999890e+01
2.218965700000000041e+01
2.572406400000000204e+01
2.868059500000000028e+01
3.103803599999999818e+01
3.197442199999999701e+01
3.243765599999999694e+01
2.919080399999999642e+01
4.023779000000000217e+00
7.111067500000000052e+01
7.111067500000000052e+01
7.111067500000000052e+01
7.111067500000000052e+01
7.111067500000000052e+01
7.111067500000000052e+01
7.111067500000000052e+01
7.111067500000000052e+01
7.111067500000000052e+01
7.111067500000000052e+01
3.854569999999999941e-01
1.000000000000000000e+00
1.000000000000000000e+00
