3.634729999999999905e-01
4.212609999999999411e-01
4.798050000000000370e-01
5.753220000000000001e-01
7.873829999999999441e-01
1.297362999999999822e+00
1.701031000000000182e+00
1.782954999999999846e+00
9.085719999999999352e-01
6.564689999999999692e-01
5.437920000000000531e-01
4.912180000000000435e-01
4.782510000000000372e-01
1.212189500000000031e+01
1.346936799999999934e+01
1.487865199999999888e+01
1.635361599999999882e+01
1.636989900000000020e+01
1.636989900000000020e+01
1.636989900000000020e+01
1.636989900000000020e+01
1.636989900000000020e+01
1.636989900000000020e+01
-1.561160000000000048e-01
-0.000000000000000000e+00
-0.000000000000000000e+00
