        -1.6416650411686282
         0.12030494843154713
          -1.034781314216374
          -1.9911152679761186
          -4.060939129984983
          -1.110416986806659
          6.933057462214536
          0.729244914979423
          1.3354021981641957
          4.2021510736092987E-4
          -1.2889071803644832
          -0.10473398069089457
          0.6137761214934372
          -6.646856097770738
          2.064615208604878
         1.142923553711576
         1.3162912427927502
          -0.12607420975814826
          -1.548310265591998
          -1.3416211072464008
          0.6419756120076768
          -2.4116669872653964
          -0.6641843107700535
          2.3509262363956136      
        -1.1454020250077515
         -0.49441581971018284
          -0.3545994970406611
          -0.2146548534282582
          -0.24320362890195804
          3.36328121882882
          1.7860424814741451
          1.2820315407502818
          0.6521204085865803
          0.6921341054724833
          0.6631954809168448
          0.4733250565744589
          0.9401429732517679
          -0.44752928527882685
          0.03467753337107134
         0.07435350961386951
         -0.06128130549478204
          -0.12679957423563412
          -0.2742760366951591
          -0.0833026679626651
          0.11554661520308447
          -0.13816003664022938
          -0.44544571424698665
          0.39814094450188936      
        -1.8961454295466258
         4.421467211371978
          1.4317512729666622
          -0.7220881751671598
          -0.32160068409468306
          2.348912261413976
          3.159529608022372
          0.8196112892933491
          3.0586392943182275
          -4.003571316371308
          2.318724073545598
          -2.8882784124512186
          2.060011287944273
          2.731384987944899
          1.6778786554378613
         0.21376273516460012
         0.6898556005743344
          -0.5036468148017649
          -1.3275930122254047
          -1.0307323278441276
          0.3586343211499018
          -1.726507174874761
          -0.28394953620566593
          -1.3468188227766784       
        3.6418956715828945
         5.413258960008305
          -1.7348900135432903
          -6.334539581930896
          -7.141974992053994
          0.167437273027436
          12.430573726757212
          2.7320802566028153
          -2.576233999570938
          -1.2213979955103962
          -3.7719412511994657
          -4.917951833099059
          -0.07260279120259794
          -5.6121251545670106
          3.6198014359482715
         4.896701758907461
         3.1556422918766867
          0.48534227282870473
          -0.7342839560031758
          -0.7279142927097539
          -0.4433031723899559
          -1.0379294364125196
          -1.5063908707684683
          -0.6706851593194457
        -6.025079552584131
         9.637963876153437
          2.842610093655592
          -4.721016996025375
          -9.558286097259028
          0.5279679308846279
          2.2855894867032034
          -1.0068584077788587
          1.0763136408637257
          0.3029376679796111
          -2.70679140230926
          -0.056058275409984606
          2.5604667465629114
          2.336843714198455
          -7.556683602527671
         -5.400568102369818
         -4.40303329175273
          -2.210298666471596
          0.7946022221521698
          0.8606216783193985
          0.3248790336684346
          3.90043520628538
          1.3230465261500044
          1.9331954666801918
        -4.892257713402553
         -2.877505736007345
          -2.1403798507280443
          -1.011567926002091
          2.8711500281704394
          4.420134122657615
          -7.830946417101318
          3.6175023961434163
          1.541990111571618
          1.395571784612859
          0.605420313504947
          0.5356629508198912
          3.900622934061211
          -1.055272073558379
          -3.3654302026583043
         -2.1745836971140395
         -2.511991467005712
          -1.9603337833614394
          -0.1951976612338332
          -1.0865038614041023
          -0.9651441200039229
          -1.1183109456836784
          0.5985865940155408
          -0.2831260337402245
        -4.398759404077137
         3.937203086880999
          0.2560247782899732
          -2.1569668799294486
          -3.9982754157484974
          -0.854793735375116
          0.9483335402233848
          0.295191688166608
          0.03875522142444085
          0.8886292054836404
          -0.10650509549989577
          -0.1314092996226863
          -1.1676786910374428
          1.021046051816688
          1.6393727483418055
         0.5755496986641937
         1.2530169559058657
          0.24864173107967943
          0.6841419242742405
          0.6710342497014513
          -0.7321072398644921
          3.1434733499671683
          -1.661362229296065
          -6.062166502972393
0.5753691522916867
0.9417141053192581
0.5293598792157348
-0.952118981364274
-0.7697355139005551
-0.8435997974918712
0.738173501421499
1.116446998918032
    

