        -4.009474860291859
         -1.314517672165404
          2.5392378991231834
          2.7020772520652927
          4.7199916180074615
          1.9195881857017956
          -2.5604573211403046
          0.0508623092119725
          -6.982617838142734
          6.217444410690842
          1.9697865637751752
          -3.0101717144672078
          0.9029607992224727
          7.501637052514356
          0.5279478468188612
          0.5949835576250809
          -1.0426366636215543
          0.17632773210165484
          -4.28080578797171
          -1.670716612789498
          0.39837735800940344
          1.4967994125943844
          2.6490337451185937
          3.9554309548518694
        -2.082974119832399
         -2.506030120346767
          -0.7139035891944133
          3.267406249476817
          5.034680694370268
          -1.8771498112627458
          -2.6877221802506273
          -3.7893119462365856
          -4.031064393189081
          -6.277711069804951
          3.5726088310677584
          2.256671600739837
          0.19057922187533655
          -11.560816860077363
          6.927333866893109
          6.2957023246435595
          3.5168193438927493
          12.489032704632027
          3.511432869234892
          5.627825169733475
          8.126351786059445
          -1.8344724459240338
          -3.485529955054996
          -10.222131646570563
        -6.042376640982105
         4.025346360616921
          1.3996274448552901
          -5.451373562852627
          -7.024331686331263
          -10.095295706503261
          -3.811504947048631
          12.77728403472697
          2.6007517708034733
          -3.0158207489836495
          -0.8796821899025433
          0.4944737045139543
          -0.3634444369160926
          -6.54417899418843
          -5.224564830373951
          1.7181155713630263
          -1.8086294583496256
          -2.4783730828258443
          1.9645965225813469
          -2.8325037117466505
          -9.854354131167696
          -4.82080980509095
          -2.43668974880142
          23.29075249962327
        -7.052959004236474
         3.630849759228204
          0.9159223958230878
          -3.4275328834771894
          -1.77156200465633
          -0.11858261792948713
          -1.0280172729342205
          0.8155151628457399
          -0.9901076716492079
          -1.0771545828940425
          0.29478618605519363
          -2.3754518524093142
          -0.5337045923737893
          2.895739720204505
          -7.932959158220826
          -2.166267587045477
          -4.296237826604318
          -2.009093612538699
          2.222233670472167
          -3.0130260086077585
          -0.8245953554548585
          13.538336799812221
          0.8172495809937621
          2.4999396174155826
        -10.9407832547501
         -10.145502173185301
          -0.2038535866938037
          5.652009412329526
          20.849421811830243
          -8.647190892123058
          2.345128633646225
          -8.286857322426972
          -4.581457580804632
          1.029989910096734
          2.5161611936461497
          -0.9373836759089488
          1.1192265202769278
          8.736528863514552
          -7.585007946535172
          2.130380533975531
          -1.8949604608018717
          -2.0613796801339004
          4.000332256192709
          7.68401603807364
          -13.158408423711723
          2.3704536601111568
          6.88244811057756
          3.0026853043342694
        -3.9584345203210485
         -1.6373019564208928
          3.328413614623999
          0.4537241656199657
          1.5925668113631501
          -1.7302524071474144
          2.176955789411971
          -1.9653936371017593
          0.4721190942075486
          0.0730186591646538
          2.071723891144147
          -1.5480205308391586
          0.3673391907155186
          2.4712056081793374
          11.330243122119702
          -4.330565083885028
          -4.967408052544072
          10.28409016527434
          -11.080669606252918
          -11.31373290279824
          10.717966089996047
          -0.46393251060484775
          1.9351611448123383
          0.7310375419553666
        1.237287824310856
         1.6100778729491696
          -0.4826964406071233
          -0.7345167878339928
          1.701959100548132
          0.021055111796046962
          0.5107258646091142
          3.7672979376373896
          3.377774765481487
          -2.616020210765271
          1.4726475869752365
          0.7505896899823715
          1.0847908123784966
          4.543010066457832
          -3.4071530298090065
          4.168041016635686
          10.377610550174492
          -1.6413981052455389
          0.2044848032522279
          6.429670876328721
          -5.497781563867262
          -8.123670420778701
          1.9196653638260226
          2.2921375489216222  
        -0.26865218909301425
         1.0658159708887764
         -0.5215446212173901
         0.8071685638513001
         0.5005391717644162
         1.2282710945263593
         1.3353469521174224
         0.8368444625337849
  

